  -3.7792432e-01  -1.8424940e-01   1.6455722e-01  -3.5561562e-01   2.0000000e+00
  -2.3898420e-01  -4.3636889e-01   2.0264681e-01   3.8557399e-01   1.0000000e+00
  -6.2971156e-01  -5.7278746e-01  -6.4241883e-02  -9.2375487e-02   2.0000000e+00
   8.4700055e-01   6.9158721e-01   8.9491443e-01   3.0314970e-01   2.0000000e+00
  -2.3981078e-01   5.4916928e-01   2.1420837e-01   1.2877256e-01   1.0000000e+00
   8.2417097e-01   5.4406382e-01   8.3080167e-01  -6.8604505e-01   2.0000000e+00
   6.7103828e-01  -9.9868970e-03   7.3467007e-01  -1.8386533e-01   2.0000000e+00
  -7.6398573e-01  -2.1182560e-01  -1.0815794e-01   4.1276565e-01   2.0000000e+00
   2.9630610e-01   7.3324476e-01   5.6304564e-01   8.9609715e-01   2.0000000e+00
   9.8026085e-01  -7.2067659e-01   9.2616051e-01  -9.9423537e-01   2.0000000e+00
   9.3130058e-01  -4.4787081e-01   9.2111216e-01   2.7595136e-01   2.0000000e+00
  -5.8690213e-01   7.8766246e-01  -1.6300440e-03  -2.5682179e-01   2.0000000e+00
  -3.1522983e-01   1.3850169e-01   1.5040930e-01   5.4086428e-01   2.0000000e+00
   5.7691057e-01  -5.1679119e-01   6.7393311e-01  -8.6814652e-02   2.0000000e+00
   9.8058078e-01  -2.7165254e-02   9.3371161e-01  -2.1453823e-01   2.0000000e+00
  -1.3478811e-01  -2.3271959e-01   2.5291436e-01   5.4515049e-01   2.0000000e+00
   7.1849813e-01  -1.7785011e-02   7.7819352e-01  -1.8629858e-01   2.0000000e+00
   7.4480822e-01  -3.1167733e-01   7.7309500e-01  -4.9340369e-01   1.0000000e+00
   1.9039792e-01   7.4913650e-02   5.0145045e-01   1.5005845e-01   2.0000000e+00
  -4.5109808e-02   2.6346258e-01   3.4916762e-01   4.1343302e-01   1.0000000e+00
   8.5149203e-01   3.6813369e-01   8.7780120e-01  -4.0991586e-01   2.0000000e+00
   4.9841122e-01   5.6813101e-01   6.1590245e-01  -9.2354863e-01   2.0000000e+00
   8.7511772e-01   4.0258610e-01   8.7987101e-01  -3.8350050e-01   2.0000000e+00
   8.6727301e-01   5.4486282e-01   8.7377873e-01   2.4793039e-01   2.0000000e+00
   5.6636896e-01   5.2498808e-01   7.1790627e-01  -9.7947608e-01   2.0000000e+00
  -2.7139236e-01   6.4285668e-01   1.6827631e-01   4.9018416e-01   2.0000000e+00
   9.4161896e-01  -7.6869298e-01   8.9279199e-01  -9.5685871e-01   2.0000000e+00
  -2.0613626e-01   6.9128267e-01   1.8672078e-01   4.8596506e-01   1.0000000e+00
   6.7125110e-01   5.4131341e-01   7.1314168e-01  -4.6199021e-01   1.0000000e+00
  -2.1927521e-01  -6.9101587e-01   2.5333815e-01   4.0058161e-01   1.0000000e+00
  -9.9902270e-01  -6.8339414e-01  -2.9308765e-01  -9.7900943e-01   2.0000000e+00
   4.4608860e-01   2.7349811e-01   6.1152329e-01  -7.2058408e-01   2.0000000e+00
   9.5077912e-01  -5.4710777e-01   9.4416960e-01  -4.9916209e-01   2.0000000e+00
  -4.2508186e-01  -3.7580669e-01   1.2493540e-01  -2.0528201e-01   1.0000000e+00
   9.5127041e-01   3.0783454e-03   9.6185784e-01  -8.1345419e-01   2.0000000e+00
  -4.3238020e-01   2.5187483e-02   8.9655565e-02  -2.2827462e-01   1.0000000e+00
   1.4768400e-01  -2.2411608e-01   4.1585440e-01   4.5708872e-01   2.0000000e+00
  -8.4812960e-01   4.2783649e-01  -1.3000071e-01   6.7389127e-01   2.0000000e+00
   5.3826074e-02  -3.8936955e-01   3.6738056e-01   7.5152498e-01   2.0000000e+00
   4.8350674e-01  -3.1809379e-01   6.5640103e-01   8.2926018e-01   2.0000000e+00
  -9.9824320e-01  -5.5453073e-01  -2.3253475e-01   9.3658579e-01   2.0000000e+00
   9.9780343e-01  -7.6378038e-01   9.2369139e-01  -9.4963517e-01   2.0000000e+00
   9.5803301e-01  -6.7528538e-01   9.0238183e-01  -2.3888331e-01   2.0000000e+00
   4.6296874e-01   2.6285078e-01   6.3061327e-01  -2.6556131e-01   1.0000000e+00
   9.5823711e-01  -7.4875089e-01   8.9948065e-01  -9.0841097e-01   2.0000000e+00
   4.7240379e-02  -4.4336595e-01   3.4349327e-01  -9.5195542e-01   2.0000000e+00
  -7.2227404e-01   4.1613754e-01  -9.5815891e-02  -9.8578078e-01   2.0000000e+00
   6.2092417e-01  -5.4048677e-02   7.4590321e-01  -3.0368292e-01   1.0000000e+00
  -4.0981004e-01   7.8858240e-01   6.4409619e-02   4.8438090e-01   2.0000000e+00
  -3.0027891e-01  -4.7968305e-01   1.4092219e-01   4.0966169e-01   1.0000000e+00
   2.4814217e-02   7.6628191e-01   3.6517164e-01   2.8293269e-01   1.0000000e+00
   2.7473860e-03   7.3314679e-01   3.5683324e-01  -6.2801197e-01   1.0000000e+00
   2.9877517e-01  -5.5234845e-01   4.9472183e-01   1.0992800e-01   2.0000000e+00
   8.1305332e-01   7.8457471e-01   8.3859664e-01   7.3254857e-01   2.0000000e+00
  -2.6010349e-01   3.8714872e-01   2.2434754e-01  -7.5644562e-01   2.0000000e+00
  -2.2990814e-01  -7.3702071e-01   1.9868476e-01   3.4987673e-01   1.0000000e+00
   8.4640549e-01   3.5545406e-01   8.2313040e-01  -7.3645677e-01   2.0000000e+00
   3.0157837e-01   4.0715296e-01   5.5193924e-01   9.1704844e-02   2.0000000e+00
   7.7297681e-01  -5.6709982e-01   8.0011754e-01   5.9866458e-02   2.0000000e+00
  -3.0693658e-01   4.0834476e-01   1.5993478e-01   3.9876439e-01   1.0000000e+00
   4.5334789e-01  -3.9604105e-01   5.8156679e-01  -7.0746833e-01   2.0000000e+00
   9.8738484e-01  -4.3398395e-01   9.0380481e-01  -3.3636888e-01   2.0000000e+00
   6.4964260e-01   1.5155540e-01   7.1373127e-01  -3.4712780e-01   1.0000000e+00
   6.2599632e-01   3.1044036e-02   7.4155920e-01  -4.4175186e-01   1.0000000e+00
   8.3259703e-01  -3.0198665e-01   8.9480703e-01  -8.9472838e-01   2.0000000e+00
   8.9029522e-01  -1.7229532e-01   8.9953738e-01  -8.9116324e-01   2.0000000e+00
   8.5569986e-01   3.0161831e-01   8.8661824e-01  -4.9804072e-01   2.0000000e+00
   6.6149495e-01  -6.2137544e-01   7.4710675e-01  -9.5490488e-01   2.0000000e+00
  -7.9527455e-01  -4.5314401e-01  -1.4738598e-01  -2.0213509e-01   2.0000000e+00
  -3.2113855e-01  -6.5500752e-01   1.7540162e-01  -6.3884222e-01   2.0000000e+00
  -2.8427876e-01  -7.3704281e-01   1.5132173e-01   8.6346985e-01   2.0000000e+00
   3.0848765e-01  -7.8455912e-01   5.2896228e-01  -6.5916483e-01   2.0000000e+00
   4.0802568e-01   7.2151997e-02   6.1376901e-01  -9.1792841e-01   2.0000000e+00
  -9.1810401e-01   1.6638780e-01  -1.6311466e-01  -6.8537790e-01   2.0000000e+00
  -2.1618750e-01  -1.3645742e-01   1.7802073e-01   7.6680125e-01   2.0000000e+00
  -6.0157595e-01  -4.2973852e-01  -4.9996798e-02   1.2429358e-01   2.0000000e+00
   3.9181199e-01  -5.7987427e-01   5.9164811e-01   4.4489987e-01   2.0000000e+00
  -2.6412006e-01   9.8965569e-02   1.8608355e-01  -1.5331715e-01   1.0000000e+00
  -2.8193012e-01  -7.2484623e-01   1.4607458e-01   2.9849865e-02   1.0000000e+00
   6.5243129e-01   5.3920428e-01   7.3896060e-01  -5.6097872e-02   2.0000000e+00
   6.7295786e-01  -6.2934162e-01   7.4821642e-01  -1.5424757e-01   2.0000000e+00
   7.4916737e-01   7.3952135e-01   8.3375491e-01  -4.9218850e-01   2.0000000e+00
   4.5668426e-01  -2.4147322e-01   5.8662219e-01  -9.8902910e-01   2.0000000e+00
   7.5313936e-01   5.3742379e-01   8.4498728e-01  -4.7697864e-01   1.0000000e+00
  -8.1883340e-01   5.6985340e-01  -1.5969110e-01   3.1177999e-01   2.0000000e+00
  -2.1623825e-02   7.3418116e-01   2.9015407e-01   3.0688739e-01   1.0000000e+00
  -2.1341201e-01   7.6240773e-02   1.8901613e-01   8.1214745e-02   1.0000000e+00
   4.7486044e-02  -7.4801911e-01   4.0242589e-01  -8.0244693e-01   2.0000000e+00
  -5.3045974e-02  -7.8219922e-02   3.2874726e-01  -2.5394412e-01   1.0000000e+00
  -3.5729555e-01  -5.8963030e-01   1.7233833e-01   2.6921314e-01   1.0000000e+00
   7.1303822e-01  -6.8165680e-01   8.0103710e-01  -3.2442152e-01   2.0000000e+00
  -5.7761618e-01  -2.4125866e-01  -8.2015642e-03   7.6698315e-02   2.0000000e+00
  -3.4675120e-01   3.5682626e-01   1.7410112e-01  -3.7364306e-01   1.0000000e+00
   9.1279394e-02  -2.5685392e-01   3.8983294e-01   7.9317715e-02   1.0000000e+00
   9.2382225e-01   2.4760252e-01   9.2695036e-01  -5.6146737e-01   2.0000000e+00
   6.4751445e-01   6.4532868e-01   7.3162411e-01   9.6457345e-01   2.0000000e+00
   4.7020233e-01  -5.3616221e-02   6.2238843e-01  -1.0961570e-01   2.0000000e+00
   5.6813708e-01  -2.9562034e-02   7.3024852e-01  -9.9126973e-01   2.0000000e+00
  -9.0980975e-01   3.4100725e-01  -2.4103550e-01   7.5852685e-02   2.0000000e+00
  -8.2830584e-01   1.4590966e-02  -1.2214710e-01  -2.3238356e-01   2.0000000e+00
